3
5
1 1 1 2 2
5
2 1 3 1 2
15
2 1 3 1 2 9 3 1 4 5 6 3 4 1 3



2 1 3 1 2
  ^

1 2 3 1 2      <-- 1
  ^
1 2 3 1 2
    ^

1 2 3 1 2
      ^

1 2 1 3 2      <-- 1
      ^

    1 1 2 3 2  <-- 1
          ^

1 1 2 3 2
        ^

1 1 2 2 3      <-- 1
        ^

merge sort

2 1 3 1 2

[2 1]            [3 1 2]

[2 1]            [3] [1 2]
                  | 
[2] [1]           |  [1] [2]
                  |   [1 2]
1 --> [1 2]      [3]  [1 2]
        |
        |        [1]         <- swap
        |        [1 2]       <- swap
      [1 2]      [1 2 3]

      [1 1 2 2 3]
